==============================================================================================
  期数                                 号码                                    开奖时间  
==============================================================================================
2018022884                         07,08,05,11,03                           2018-02-28 23:00
2018022883                         09,05,06,10,08                           2018-02-28 22:50
2018022882                         09,07,02,05,03                           2018-02-28 22:40
2018022881                         02,11,08,03,07                           2018-02-28 22:30
2018022880                         01,08,07,09,05                           2018-02-28 22:20
2018022879                         08,03,05,04,09                           2018-02-28 22:10
2018022878                         04,10,08,05,07                           2018-02-28 22:00
2018022877                         09,04,03,10,06                           2018-02-28 21:50
2018022876                         02,11,09,07,01                           2018-02-28 21:40
2018022875                         07,08,03,05,09                           2018-02-28 21:30
2018022874                         03,01,06,07,08                           2018-02-28 21:20
2018022873                         11,09,05,06,01                           2018-02-28 21:10
2018022872                         11,07,02,05,01                           2018-02-28 21:00
2018022871                         09,11,03,08,02                           2018-02-28 20:50
2018022870                         01,08,11,04,07                           2018-02-28 20:40
2018022869                         05,06,07,10,11                           2018-02-28 20:30
2018022868                         08,03,02,09,11                           2018-02-28 20:20
2018022867                         08,05,06,10,01                           2018-02-28 20:10
2018022866                         08,10,04,07,03                           2018-02-28 20:00
2018022865                         07,05,01,10,06                           2018-02-28 19:50
2018022864                         05,04,11,08,09                           2018-02-28 19:40
2018022863                         11,01,09,08,02                           2018-02-28 19:30
2018022862                         08,10,06,02,05                           2018-02-28 19:20
2018022861                         01,10,11,02,09                           2018-02-28 19:10
2018022860                         04,06,11,10,05                           2018-02-28 19:00
2018022859                         07,09,06,04,01                           2018-02-28 18:50
2018022858                         03,02,07,04,01                           2018-02-28 18:40
2018022857                         05,11,10,01,03                           2018-02-28 18:30
2018022856                         08,03,04,07,11                           2018-02-28 18:20
2018022855                         03,05,04,11,09                           2018-02-28 18:10
2018022854                         05,07,06,03,08                           2018-02-28 18:00
2018022853                         03,07,06,11,01                           2018-02-28 17:50
2018022852                         04,05,09,06,01                           2018-02-28 17:40
2018022851                         06,04,05,11,10                           2018-02-28 17:30
2018022850                         02,05,04,08,06                           2018-02-28 17:20
2018022849                         08,11,10,03,09                           2018-02-28 17:10
2018022848                         09,03,08,10,11                           2018-02-28 17:00
2018022847                         01,10,03,07,09                           2018-02-28 16:50
2018022846                         09,07,01,11,04                           2018-02-28 16:40
2018022845                         06,01,09,11,04                           2018-02-28 16:30
2018022844                         09,04,05,03,01                           2018-02-28 16:20
2018022843                         04,02,10,08,03                           2018-02-28 16:10
2018022842                         09,07,06,04,08                           2018-02-28 16:00
2018022841                         01,08,11,10,05                           2018-02-28 15:50
2018022840                         06,03,04,07,10                           2018-02-28 15:40
2018022839                         11,01,05,08,09                           2018-02-28 15:30
2018022838                         01,11,08,09,07                           2018-02-28 15:20
2018022837                         07,06,09,01,03                           2018-02-28 15:10
2018022836                         05,03,11,01,09                           2018-02-28 15:00
2018022835                         03,06,02,08,04                           2018-02-28 14:50
2018022834                         07,03,04,06,02                           2018-02-28 14:40
2018022833                         07,10,01,11,04                           2018-02-28 14:30
2018022832                         10,09,04,03,01                           2018-02-28 14:20
2018022831                         07,11,06,01,10                           2018-02-28 14:10
2018022830                         02,07,08,05,09                           2018-02-28 14:00
2018022829                         06,07,02,10,03                           2018-02-28 13:50
2018022828                         03,01,10,11,07                           2018-02-28 13:40
2018022827                         05,10,07,04,01                           2018-02-28 13:30
2018022826                         11,04,02,05,08                           2018-02-28 13:20
2018022825                         04,06,10,02,11                           2018-02-28 13:10
2018022824                         07,09,10,08,04                           2018-02-28 13:00
2018022823                         01,04,11,08,02                           2018-02-28 12:50
2018022822                         06,09,02,04,10                           2018-02-28 12:40
2018022821                         06,07,09,04,08                           2018-02-28 12:30
2018022820                         09,05,11,02,04                           2018-02-28 12:20
2018022819                         02,05,01,09,10                           2018-02-28 12:10
2018022818                         01,10,03,11,09                           2018-02-28 12:00
2018022817                         07,09,06,05,08                           2018-02-28 11:50
2018022816                         11,02,07,08,04                           2018-02-28 11:40
2018022815                         01,04,08,06,07                           2018-02-28 11:30
2018022814                         05,06,08,02,03                           2018-02-28 11:20
2018022813                         06,08,11,02,05                           2018-02-28 11:10
2018022812                         08,04,11,09,02                           2018-02-28 11:00
2018022811                         08,11,02,04,07                           2018-02-28 10:50
2018022810                         11,06,09,10,07                           2018-02-28 10:40
2018022809                         08,11,06,01,02                           2018-02-28 10:30
2018022808                         11,01,08,02,05                           2018-02-28 10:20
2018022807                         08,04,07,02,06                           2018-02-28 10:10
2018022806                         04,07,01,02,03                           2018-02-28 10:00
2018022805                         02,07,03,05,01                           2018-02-28 09:50
2018022804                         09,03,07,10,11                           2018-02-28 09:40
2018022803                         03,09,02,05,01                           2018-02-28 09:30
2018022802                         10,03,11,08,01                           2018-02-28 09:20
2018022801                         04,03,06,08,07                           2018-02-28 09:10
2018022784                         04,06,03,10,08                           2018-02-27 23:00
2018022783                         07,05,01,10,11                           2018-02-27 22:50
2018022782                         07,02,05,10,09                           2018-02-27 22:40
2018022781                         10,09,05,06,02                           2018-02-27 22:30
2018022780                         08,10,11,02,03                           2018-02-27 22:20
2018022779                         05,10,02,08,06                           2018-02-27 22:10
2018022778                         08,09,07,10,04                           2018-02-27 22:00
2018022777                         04,08,09,01,11                           2018-02-27 21:50
2018022776                         07,11,06,10,08                           2018-02-27 21:40
2018022775                         09,03,02,05,07                           2018-02-27 21:30
2018022774                         01,05,02,03,07                           2018-02-27 21:20
2018022773                         05,07,06,01,08                           2018-02-27 21:10
2018022772                         08,01,02,07,06                           2018-02-27 21:00
2018022771                         08,11,09,03,02                           2018-02-27 20:50
2018022770                         09,10,08,11,02                           2018-02-27 20:40
2018022769                         07,10,11,02,01                           2018-02-27 20:30
2018022768                         06,11,10,05,07                           2018-02-27 20:20
2018022767                         10,06,04,09,07                           2018-02-27 20:10
2018022766                         07,04,02,10,05                           2018-02-27 20:00
2018022765                         06,09,01,03,08                           2018-02-27 19:50
2018022764                         10,01,04,09,02                           2018-02-27 19:40
2018022763                         04,01,05,09,10                           2018-02-27 19:30
2018022762                         05,01,09,06,04                           2018-02-27 19:20
2018022761                         06,01,05,10,08                           2018-02-27 19:10
2018022760                         03,06,01,09,05                           2018-02-27 19:00
2018022759                         04,07,11,02,09                           2018-02-27 18:50
2018022758                         11,02,06,04,05                           2018-02-27 18:40
2018022757                         06,05,07,03,09                           2018-02-27 18:30
2018022756                         09,07,08,11,05                           2018-02-27 18:20
2018022755                         01,04,05,08,03                           2018-02-27 18:10
2018022754                         04,06,07,10,09                           2018-02-27 18:00
2018022753                         06,11,07,05,02                           2018-02-27 17:50
2018022752                         10,04,09,11,02                           2018-02-27 17:40
2018022751                         05,02,01,06,11                           2018-02-27 17:30
2018022750                         02,07,10,03,05                           2018-02-27 17:20
2018022749                         05,09,08,10,07                           2018-02-27 17:10
2018022748                         10,03,06,01,09                           2018-02-27 17:00
2018022747                         07,06,11,05,01                           2018-02-27 16:50
2018022746                         03,04,05,06,10                           2018-02-27 16:40
2018022745                         07,04,09,02,01                           2018-02-27 16:30
2018022744                         02,01,04,11,10                           2018-02-27 16:20
2018022743                         05,10,03,06,02                           2018-02-27 16:10
2018022742                         02,11,03,01,08                           2018-02-27 16:00
2018022741                         03,10,06,07,04                           2018-02-27 15:50
2018022740                         07,04,09,11,10                           2018-02-27 15:40
2018022739                         08,05,01,10,06                           2018-02-27 15:30
2018022738                         07,01,11,09,08                           2018-02-27 15:20
2018022737                         10,05,04,09,07                           2018-02-27 15:10
2018022736                         03,01,05,02,06                           2018-02-27 15:00
2018022735                         11,07,06,05,02                           2018-02-27 14:50
2018022734                         09,02,06,05,11                           2018-02-27 14:40
2018022733                         10,05,09,08,01                           2018-02-27 14:30
2018022732                         06,11,09,08,03                           2018-02-27 14:20
2018022731                         11,05,08,04,03                           2018-02-27 14:10
2018022730                         08,10,02,07,03                           2018-02-27 14:00
2018022729                         05,04,09,01,07                           2018-02-27 13:50
2018022728                         06,09,11,04,02                           2018-02-27 13:40
2018022727                         08,05,06,09,01                           2018-02-27 13:30
2018022726                         04,08,05,10,09                           2018-02-27 13:20
2018022725                         11,02,08,09,01                           2018-02-27 13:10
2018022724                         10,11,04,09,08                           2018-02-27 13:00
2018022723                         07,03,05,02,01                           2018-02-27 12:50
2018022722                         03,02,10,07,01                           2018-02-27 12:40
2018022721                         11,03,09,10,02                           2018-02-27 12:30
2018022720                         03,09,06,05,02                           2018-02-27 12:20
2018022719                         02,08,04,09,05                           2018-02-27 12:10
2018022718                         08,02,04,03,11                           2018-02-27 12:00
2018022717                         03,09,08,01,07                           2018-02-27 11:50
2018022716                         05,08,04,02,10                           2018-02-27 11:40
2018022715                         03,02,09,07,08                           2018-02-27 11:30
2018022714                         08,07,10,02,05                           2018-02-27 11:20
2018022713                         05,10,01,07,03                           2018-02-27 11:10
2018022712                         03,08,01,04,11                           2018-02-27 11:00
2018022711                         02,10,11,08,04                           2018-02-27 10:50
2018022710                         02,10,06,01,07                           2018-02-27 10:40
2018022709                         02,04,05,06,08                           2018-02-27 10:30
2018022708                         01,10,11,05,03                           2018-02-27 10:20
2018022707                         05,08,03,06,09                           2018-02-27 10:10
2018022706                         09,03,07,02,08                           2018-02-27 10:00
2018022705                         02,11,08,06,10                           2018-02-27 09:50
2018022704                         07,02,05,03,11                           2018-02-27 09:40
2018022703                         02,03,04,07,01                           2018-02-27 09:30
2018022702                         06,01,11,09,02                           2018-02-27 09:20
2018022701                         05,01,03,06,08                           2018-02-27 09:10
2018022684                         04,05,06,11,10                           2018-02-26 23:00
2018022683                         02,10,07,08,05                           2018-02-26 22:50
2018022682                         01,08,11,07,06                           2018-02-26 22:40
2018022681                         03,08,11,07,10                           2018-02-26 22:30
2018022680                         02,04,07,11,06                           2018-02-26 22:20
2018022679                         10,08,02,03,01                           2018-02-26 22:10
2018022678                         09,03,07,08,11                           2018-02-26 22:00
2018022677                         09,03,08,06,05                           2018-02-26 21:50
2018022676                         10,08,11,02,03                           2018-02-26 21:40
2018022675                         05,08,06,04,09                           2018-02-26 21:30
2018022674                         04,03,02,11,08                           2018-02-26 21:20
2018022673                         03,02,07,04,01                           2018-02-26 21:10
2018022672                         10,02,04,05,03                           2018-02-26 21:00
2018022671                         09,07,05,03,02                           2018-02-26 20:50
2018022670                         08,06,07,09,01                           2018-02-26 20:40
2018022669                         05,01,03,07,08                           2018-02-26 20:30
2018022668                         06,03,02,07,09                           2018-02-26 20:20
2018022667                         01,07,09,10,08                           2018-02-26 20:10
2018022666                         05,04,08,10,06                           2018-02-26 20:00
2018022665                         04,02,03,01,06                           2018-02-26 19:50
2018022664                         06,03,11,10,04                           2018-02-26 19:40
2018022663                         04,06,03,10,09                           2018-02-26 19:30
2018022662                         11,06,04,07,05                           2018-02-26 19:20
2018022661                         02,06,07,08,03                           2018-02-26 19:10
2018022660                         02,01,05,09,07                           2018-02-26 19:00
2018022659                         11,09,03,07,04                           2018-02-26 18:50
2018022658                         01,03,05,06,04                           2018-02-26 18:40
2018022657                         07,09,01,06,02                           2018-02-26 18:30
2018022656                         06,07,11,02,10                           2018-02-26 18:20
2018022655                         06,07,09,04,10                           2018-02-26 18:10
2018022654                         07,01,11,10,03                           2018-02-26 18:00
2018022653                         07,09,04,03,10                           2018-02-26 17:50
2018022652                         11,05,01,08,02                           2018-02-26 17:40
2018022651                         03,09,05,11,02                           2018-02-26 17:30
2018022650                         06,02,11,08,05                           2018-02-26 17:20
2018022649                         04,10,03,08,02                           2018-02-26 17:10
2018022648                         03,04,05,02,11                           2018-02-26 17:00
2018022647                         03,04,05,06,10                           2018-02-26 16:50
2018022646                         02,08,10,06,01                           2018-02-26 16:40
2018022645                         01,07,08,03,02                           2018-02-26 16:30
2018022644                         01,07,05,10,03                           2018-02-26 16:20
2018022643                         04,09,06,05,07                           2018-02-26 16:10
2018022642                         11,10,02,03,01                           2018-02-26 16:00
2018022641                         10,01,07,03,09                           2018-02-26 15:50
2018022640                         07,10,08,02,06                           2018-02-26 15:40
2018022639                         03,02,06,09,01                           2018-02-26 15:30
2018022638                         02,07,06,03,08                           2018-02-26 15:20
2018022637                         02,08,01,07,04                           2018-02-26 15:10
2018022636                         07,11,05,08,10                           2018-02-26 15:00
2018022635                         10,09,05,08,02                           2018-02-26 14:50
2018022634                         09,02,04,05,07                           2018-02-26 14:40
2018022633                         05,09,06,11,03                           2018-02-26 14:30
2018022632                         04,08,10,11,02                           2018-02-26 14:20
2018022631                         03,05,01,06,04                           2018-02-26 14:10
2018022630                         05,09,03,07,01                           2018-02-26 14:00
2018022629                         10,07,06,04,03                           2018-02-26 13:50
2018022628                         02,06,05,08,04                           2018-02-26 13:40
2018022627                         07,09,04,05,02                           2018-02-26 13:30
2018022626                         05,11,02,04,03                           2018-02-26 13:20
2018022625                         08,11,06,10,05                           2018-02-26 13:10
2018022624                         07,01,06,10,08                           2018-02-26 13:00
2018022623                         01,09,07,08,03                           2018-02-26 12:50
2018022622                         01,08,02,09,11                           2018-02-26 12:40
2018022621                         09,11,01,10,02                           2018-02-26 12:30
2018022620                         04,02,07,08,06                           2018-02-26 12:20
2018022619                         07,11,08,06,09                           2018-02-26 12:10
2018022618                         04,02,05,07,01                           2018-02-26 12:00
2018022617                         02,03,07,08,09                           2018-02-26 11:50
2018022616                         05,06,02,01,09                           2018-02-26 11:40
2018022615                         11,01,02,08,06                           2018-02-26 11:30
2018022614                         08,04,07,03,06                           2018-02-26 11:20
2018022613                         01,06,10,04,02                           2018-02-26 11:10
2018022612                         02,10,04,05,03                           2018-02-26 11:00
2018022611                         06,09,10,02,01                           2018-02-26 10:50
2018022610                         11,08,03,01,02                           2018-02-26 10:40
2018022609                         07,04,10,11,03                           2018-02-26 10:30
2018022608                         08,02,11,01,07                           2018-02-26 10:20
2018022607                         07,09,10,11,02                           2018-02-26 10:10
2018022606                         05,04,01,08,07                           2018-02-26 10:00
2018022605                         07,09,04,10,03                           2018-02-26 09:50
2018022604                         03,05,02,07,09                           2018-02-26 09:40
2018022603                         04,01,05,09,10                           2018-02-26 09:30
2018022602                         10,01,04,11,02                           2018-02-26 09:20
2018022601                         10,01,07,06,04                           2018-02-26 09:10
2018022584                         03,08,04,07,06                           2018-02-25 23:00
2018022583                         01,03,09,07,04                           2018-02-25 22:50
2018022582                         09,03,01,10,07                           2018-02-25 22:40
2018022581                         09,07,06,04,08                           2018-02-25 22:30
2018022580                         01,06,04,10,07                           2018-02-25 22:20
2018022579                         10,09,03,11,07                           2018-02-25 22:10
2018022578                         09,11,04,02,05                           2018-02-25 22:00
2018022577                         07,03,11,02,01                           2018-02-25 21:50
2018022576                         03,04,07,02,01                           2018-02-25 21:40
2018022575                         09,06,03,04,02                           2018-02-25 21:30
2018022574                         01,07,08,09,04                           2018-02-25 21:20
2018022573                         09,03,07,06,11                           2018-02-25 21:10
2018022572                         07,02,08,10,05                           2018-02-25 21:00
2018022571                         11,04,01,02,10                           2018-02-25 20:50
2018022570                         01,07,11,05,08                           2018-02-25 20:40
2018022569                         08,09,06,10,11                           2018-02-25 20:30
2018022568                         10,08,01,11,03                           2018-02-25 20:20
2018022567                         06,07,03,04,11                           2018-02-25 20:10
2018022566                         01,07,03,08,11                           2018-02-25 20:00
2018022565                         10,06,05,11,01                           2018-02-25 19:50
2018022564                         06,01,09,08,10                           2018-02-25 19:40
2018022563                         04,03,02,06,11                           2018-02-25 19:30
2018022562                         02,04,09,10,11                           2018-02-25 19:20
2018022561                         11,07,01,06,05                           2018-02-25 19:10
2018022560                         09,03,04,02,11                           2018-02-25 19:00
2018022559                         04,10,03,07,06                           2018-02-25 18:50
2018022558                         05,04,09,08,07                           2018-02-25 18:40
2018022557                         01,02,10,05,08                           2018-02-25 18:30
2018022556                         01,08,04,10,09                           2018-02-25 18:20
2018022555                         09,10,08,04,07                           2018-02-25 18:10
2018022554                         07,10,09,05,11                           2018-02-25 18:00
2018022553                         11,10,05,03,01                           2018-02-25 17:50
2018022552                         02,08,04,10,07                           2018-02-25 17:40
2018022551                         04,06,05,03,07                           2018-02-25 17:30
2018022550                         03,01,05,11,02                           2018-02-25 17:20
2018022549                         10,04,03,11,08                           2018-02-25 17:10
2018022548                         08,07,09,01,03                           2018-02-25 17:00
2018022547                         07,11,08,02,01                           2018-02-25 16:50
2018022546                         04,10,02,06,07                           2018-02-25 16:40
2018022545                         05,02,07,06,11                           2018-02-25 16:30
2018022544                         05,10,04,11,06                           2018-02-25 16:20
2018022543                         10,01,02,04,03                           2018-02-25 16:10
2018022542                         02,01,03,11,09                           2018-02-25 16:00
2018022541                         07,01,05,04,03                           2018-02-25 15:50
2018022540                         06,09,05,04,02                           2018-02-25 15:40
2018022539                         10,03,06,04,05                           2018-02-25 15:30
2018022538                         08,09,06,01,07                           2018-02-25 15:20
2018022537                         04,10,02,07,09                           2018-02-25 15:10
2018022536                         08,05,01,09,03                           2018-02-25 15:00
2018022535                         01,03,09,07,08                           2018-02-25 14:50
2018022534                         02,09,05,08,01                           2018-02-25 14:40
2018022533                         08,05,07,04,06                           2018-02-25 14:30
2018022532                         04,07,11,08,03                           2018-02-25 14:20
2018022531                         07,10,06,05,11                           2018-02-25 14:10
2018022530                         05,09,10,11,07                           2018-02-25 14:00
2018022529                         07,05,10,11,03                           2018-02-25 13:50
2018022528                         09,07,10,02,05                           2018-02-25 13:40
2018022527                         03,06,10,01,04                           2018-02-25 13:30
2018022526                         04,06,05,02,09                           2018-02-25 13:20
2018022525                         07,01,11,06,10                           2018-02-25 13:10
2018022524                         08,02,05,10,04                           2018-02-25 13:00
2018022523                         08,10,01,11,05                           2018-02-25 12:50
2018022522                         05,06,07,04,11                           2018-02-25 12:40
2018022521                         10,08,02,01,09                           2018-02-25 12:30
2018022520                         10,02,09,08,04                           2018-02-25 12:20
2018022519                         11,10,03,05,07                           2018-02-25 12:10
2018022518                         08,09,07,01,04                           2018-02-25 12:00
2018022517                         07,03,08,05,01                           2018-02-25 11:50
2018022516                         07,06,04,01,09                           2018-02-25 11:40
2018022515                         02,04,09,03,01                           2018-02-25 11:30
2018022514                         05,08,07,02,10                           2018-02-25 11:20
2018022513                         03,04,02,07,11                           2018-02-25 11:10
2018022512                         02,07,05,11,08                           2018-02-25 11:00
2018022511                         02,06,05,07,09                           2018-02-25 10:50
2018022510                         08,06,04,05,02                           2018-02-25 10:40
2018022509                         10,09,01,02,11                           2018-02-25 10:30
2018022508                         08,11,03,09,04                           2018-02-25 10:20
2018022507                         09,10,02,04,11                           2018-02-25 10:10
2018022506                         05,10,01,02,04                           2018-02-25 10:00
2018022505                         09,11,07,01,02                           2018-02-25 09:50
2018022504                         08,05,01,11,06                           2018-02-25 09:40
2018022503                         06,04,08,03,02                           2018-02-25 09:30
2018022502                         11,08,04,06,07                           2018-02-25 09:20
2018022501                         02,06,05,11,08                           2018-02-25 09:10
2018022484                         10,03,01,04,09                           2018-02-24 23:00
2018022483                         03,04,06,09,05                           2018-02-24 22:50
2018022482                         03,09,05,10,08                           2018-02-24 22:40
2018022481                         05,01,08,06,11                           2018-02-24 22:30
2018022480                         01,06,11,03,10                           2018-02-24 22:20
2018022479                         05,06,02,01,09                           2018-02-24 22:10
2018022478                         01,04,11,08,02                           2018-02-24 22:00
2018022477                         04,03,08,01,11                           2018-02-24 21:50
2018022476                         06,05,08,02,07                           2018-02-24 21:40
2018022475                         09,10,07,11,06                           2018-02-24 21:30
2018022474                         07,10,03,06,08                           2018-02-24 21:20
2018022473                         09,01,11,06,03                           2018-02-24 21:10
2018022472                         03,02,08,09,01                           2018-02-24 21:00
2018022471                         05,06,11,10,07                           2018-02-24 20:50
2018022470                         08,09,04,10,01                           2018-02-24 20:40
2018022469                         05,01,04,10,11                           2018-02-24 20:30
2018022468                         10,05,01,11,07                           2018-02-24 20:20
2018022467                         10,07,08,04,01                           2018-02-24 20:10
2018022466                         09,06,11,08,04                           2018-02-24 20:00
2018022465                         10,01,02,08,04                           2018-02-24 19:50
2018022464                         08,04,10,07,06                           2018-02-24 19:40
2018022463                         05,06,02,10,04                           2018-02-24 19:30
2018022462                         03,05,02,06,04                           2018-02-24 19:20
2018022461                         09,06,03,01,10                           2018-02-24 19:10
2018022460                         09,08,01,06,11                           2018-02-24 19:00
2018022459                         01,04,05,07,02                           2018-02-24 18:50
2018022458                         05,02,01,03,10                           2018-02-24 18:40
2018022457                         02,04,11,05,09                           2018-02-24 18:30
2018022456                         09,05,11,06,08                           2018-02-24 18:20
2018022455                         06,10,07,03,09                           2018-02-24 18:10
2018022454                         01,05,04,08,10                           2018-02-24 18:00
2018022453                         04,05,09,07,08                           2018-02-24 17:50
2018022452                         10,02,03,06,05                           2018-02-24 17:40
2018022451                         05,10,04,03,11                           2018-02-24 17:30
2018022450                         04,03,10,06,09                           2018-02-24 17:20
2018022449                         02,07,11,03,01                           2018-02-24 17:10
2018022448                         07,06,03,04,10                           2018-02-24 17:00
2018022447                         06,03,09,07,05                           2018-02-24 16:50
2018022446                         11,06,03,04,02                           2018-02-24 16:40
2018022445                         04,07,09,03,08                           2018-02-24 16:30
2018022444                         10,01,06,08,05                           2018-02-24 16:20
2018022443                         03,02,11,01,04                           2018-02-24 16:10
2018022442                         01,09,08,07,05                           2018-02-24 16:00
2018022441                         05,02,09,10,04                           2018-02-24 15:50
2018022440                         06,07,04,03,01                           2018-02-24 15:40
2018022439                         10,02,01,06,05                           2018-02-24 15:30
2018022438                         01,06,10,08,09                           2018-02-24 15:20
2018022437                         11,09,07,08,04                           2018-02-24 15:10
2018022436                         01,06,02,07,09                           2018-02-24 15:00
2018022435                         09,08,04,11,10                           2018-02-24 14:50
2018022434                         10,02,06,08,07                           2018-02-24 14:40
2018022433                         05,02,07,10,04                           2018-02-24 14:30
2018022432                         01,02,04,11,03                           2018-02-24 14:20
2018022431                         01,03,11,07,06                           2018-02-24 14:10
2018022430                         04,03,06,07,05                           2018-02-24 14:00
2018022429                         05,06,07,10,09                           2018-02-24 13:50
2018022428                         10,09,03,11,04                           2018-02-24 13:40
2018022427                         06,11,02,10,09                           2018-02-24 13:30
2018022426                         11,05,08,06,02                           2018-02-24 13:20
2018022425                         09,02,08,05,07                           2018-02-24 13:10
2018022424                         03,05,07,10,08                           2018-02-24 13:00
2018022423                         03,04,09,06,05                           2018-02-24 12:50
2018022422                         10,07,03,04,06                           2018-02-24 12:40
2018022421                         05,01,08,03,09                           2018-02-24 12:30
2018022420                         07,10,09,08,05                           2018-02-24 12:20
2018022419                         03,01,09,11,06                           2018-02-24 12:10
2018022418                         07,05,10,09,02                           2018-02-24 12:00
2018022417                         04,07,05,06,08                           2018-02-24 11:50
2018022416                         06,09,10,04,05                           2018-02-24 11:40
2018022415                         05,10,01,11,09                           2018-02-24 11:30
2018022414                         05,09,03,01,08                           2018-02-24 11:20
2018022413                         07,10,06,05,02                           2018-02-24 11:10
2018022412                         10,01,09,05,07                           2018-02-24 11:00
2018022411                         08,04,03,06,10                           2018-02-24 10:50
2018022410                         05,08,07,01,04                           2018-02-24 10:40
2018022409                         05,10,09,04,08                           2018-02-24 10:30
2018022408                         11,08,07,04,05                           2018-02-24 10:20
2018022407                         05,09,04,08,03                           2018-02-24 10:10
2018022406                         08,07,10,01,02                           2018-02-24 10:00
2018022405                         01,09,02,03,11                           2018-02-24 09:50
2018022404                         06,03,08,05,04                           2018-02-24 09:40
2018022403                         11,08,10,04,09                           2018-02-24 09:30
2018022402                         01,05,03,04,06                           2018-02-24 09:20
2018022401                         08,03,04,06,05                           2018-02-24 09:10
2018022384                         04,11,02,10,07                           2018-02-23 23:00
2018022383                         08,11,07,01,05                           2018-02-23 22:50
2018022382                         05,07,03,04,08                           2018-02-23 22:40
2018022381                         02,03,09,04,08                           2018-02-23 22:30
2018022380                         11,05,09,02,10                           2018-02-23 22:20
2018022379                         02,04,03,07,06                           2018-02-23 22:10
2018022378                         04,07,09,05,01                           2018-02-23 22:00
2018022377                         06,11,08,02,10                           2018-02-23 21:50
2018022376                         05,10,04,03,11                           2018-02-23 21:40
2018022375                         07,02,05,06,01                           2018-02-23 21:30
2018022374                         09,02,11,08,06                           2018-02-23 21:20
2018022373                         02,08,09,10,01                           2018-02-23 21:10
2018022372                         03,06,07,05,08                           2018-02-23 21:00
2018022371                         08,02,01,10,11                           2018-02-23 20:50
2018022370                         05,06,03,07,11                           2018-02-23 20:40
2018022369                         01,11,10,03,08                           2018-02-23 20:30
2018022368                         07,05,06,11,01                           2018-02-23 20:20
2018022367                         10,02,06,07,09                           2018-02-23 20:10
2018022366                         02,08,05,06,04                           2018-02-23 20:00
2018022365                         05,06,07,09,11                           2018-02-23 19:50
2018022364                         09,07,10,04,08                           2018-02-23 19:40
2018022363                         05,08,10,07,09                           2018-02-23 19:30
2018022362                         02,01,05,09,03                           2018-02-23 19:20
2018022361                         01,07,08,05,06                           2018-02-23 19:10
2018022360                         07,05,02,08,01                           2018-02-23 19:00
2018022359                         06,07,02,11,03                           2018-02-23 18:50
2018022358                         08,11,04,06,10                           2018-02-23 18:40
2018022357                         05,09,07,01,04                           2018-02-23 18:30
2018022356                         10,05,02,09,07                           2018-02-23 18:20
2018022355                         05,06,01,02,08                           2018-02-23 18:10
2018022354                         04,08,05,01,07                           2018-02-23 18:00
2018022353                         10,02,06,05,09                           2018-02-23 17:50
2018022352                         06,05,04,07,10                           2018-02-23 17:40
2018022351                         09,02,06,04,10                           2018-02-23 17:30
2018022350                         03,02,08,11,10                           2018-02-23 17:20
2018022349                         06,09,10,05,02                           2018-02-23 17:10
2018022348                         09,01,06,04,02                           2018-02-23 17:00
2018022347                         06,08,09,10,02                           2018-02-23 16:50
2018022346                         05,02,03,09,08                           2018-02-23 16:40
2018022345                         06,02,10,08,04                           2018-02-23 16:30
2018022344                         05,07,08,11,06                           2018-02-23 16:20
2018022343                         10,01,07,03,05                           2018-02-23 16:10
2018022342                         07,03,01,09,10                           2018-02-23 16:00
2018022341                         08,05,11,03,01                           2018-02-23 15:50
2018022340                         08,06,10,09,07                           2018-02-23 15:40
2018022339                         07,01,04,05,10                           2018-02-23 15:30
2018022338                         09,03,11,10,02                           2018-02-23 15:20
2018022337                         05,02,11,09,04                           2018-02-23 15:10
2018022336                         02,11,04,06,08                           2018-02-23 15:00
2018022335                         03,05,04,08,07                           2018-02-23 14:50
2018022334                         09,10,06,05,11                           2018-02-23 14:40
2018022333                         09,08,06,04,05                           2018-02-23 14:30
2018022332                         11,03,09,08,04                           2018-02-23 14:20
2018022331                         05,03,08,07,02                           2018-02-23 14:10
2018022330                         11,01,09,03,10                           2018-02-23 14:00
2018022329                         04,08,01,10,03                           2018-02-23 13:50
2018022328                         09,02,01,08,07                           2018-02-23 13:40
2018022327                         09,03,01,02,05                           2018-02-23 13:30
2018022326                         08,02,07,09,04                           2018-02-23 13:20
2018022325                         09,05,01,02,07                           2018-02-23 13:10
2018022324                         06,11,04,08,07                           2018-02-23 13:00
2018022323                         08,01,09,11,10                           2018-02-23 12:50
2018022322                         05,08,11,03,07                           2018-02-23 12:40
2018022321                         09,03,04,08,02                           2018-02-23 12:30
2018022320                         03,06,08,11,01                           2018-02-23 12:20
2018022319                         04,07,06,05,01                           2018-02-23 12:10
2018022318                         11,03,02,07,08                           2018-02-23 12:00
2018022317                         05,01,04,02,07                           2018-02-23 11:50
2018022316                         02,05,08,07,03                           2018-02-23 11:40
2018022315                         02,06,09,11,07                           2018-02-23 11:30
2018022314                         06,08,09,02,03                           2018-02-23 11:20
2018022313                         06,11,02,05,03                           2018-02-23 11:10
2018022312                         10,06,08,01,05                           2018-02-23 11:00
2018022311                         03,01,09,11,07                           2018-02-23 10:50
2018022310                         06,02,04,11,03                           2018-02-23 10:40
2018022309                         03,01,09,07,05                           2018-02-23 10:30
2018022308                         01,10,11,03,09                           2018-02-23 10:20
2018022307                         01,10,09,07,05                           2018-02-23 10:10
2018022306                         06,08,03,10,09                           2018-02-23 10:00
2018022305                         09,11,02,05,04                           2018-02-23 09:50
2018022304                         07,02,03,09,05                           2018-02-23 09:40
2018022303                         11,04,05,10,06                           2018-02-23 09:30
2018022302                         10,11,01,08,07                           2018-02-23 09:20
2018022301                         01,10,07,05,11                           2018-02-23 09:10
2018022284                         04,08,07,09,03                           2018-02-22 23:00
2018022283                         10,05,09,08,01                           2018-02-22 22:50
2018022282                         06,04,07,01,10                           2018-02-22 22:40
2018022281                         11,03,04,06,08                           2018-02-22 22:30
2018022280                         01,05,04,06,10                           2018-02-22 22:20
2018022279                         02,08,03,04,11                           2018-02-22 22:10
2018022278                         07,04,10,03,05                           2018-02-22 22:00
2018022277                         02,04,07,09,05                           2018-02-22 21:50
2018022276                         09,08,02,05,07                           2018-02-22 21:40
2018022275                         04,02,05,08,03                           2018-02-22 21:30
2018022274                         04,02,01,10,03                           2018-02-22 21:20
2018022273                         08,02,07,09,04                           2018-02-22 21:10
2018022272                         11,09,01,10,07                           2018-02-22 21:00
2018022271                         08,01,06,03,11                           2018-02-22 20:50
2018022270                         08,06,09,11,02                           2018-02-22 20:40
2018022269                         11,04,09,07,02                           2018-02-22 20:30
2018022268                         05,08,10,11,01                           2018-02-22 20:20
2018022267                         04,07,02,08,11                           2018-02-22 20:10
2018022266                         11,10,08,03,05                           2018-02-22 20:00
2018022265                         02,07,05,08,11                           2018-02-22 19:50
2018022264                         05,06,07,09,11                           2018-02-22 19:40
2018022263                         02,01,06,11,09                           2018-02-22 19:30
2018022262                         03,08,01,04,05                           2018-02-22 19:20
2018022261                         01,06,04,05,09                           2018-02-22 19:10
2018022260                         09,05,04,03,10                           2018-02-22 19:00
2018022259                         08,01,03,02,11                           2018-02-22 18:50
2018022258                         03,08,10,05,11                           2018-02-22 18:40
2018022257                         09,01,02,06,10                           2018-02-22 18:30
2018022256                         04,06,08,07,02                           2018-02-22 18:20
2018022255                         05,07,02,10,04                           2018-02-22 18:10
2018022254                         08,05,06,04,07                           2018-02-22 18:00
2018022253                         01,06,03,05,07                           2018-02-22 17:50
2018022252                         08,07,10,04,11                           2018-02-22 17:40
2018022251                         03,04,02,11,05                           2018-02-22 17:30
2018022250                         04,09,05,02,10                           2018-02-22 17:20
2018022249                         06,11,10,08,05                           2018-02-22 17:10
2018022248                         10,09,08,05,01                           2018-02-22 17:00
2018022247                         02,03,08,10,09                           2018-02-22 16:50
2018022246                         11,01,09,03,06                           2018-02-22 16:40
2018022245                         06,01,05,08,09                           2018-02-22 16:30
2018022244                         09,03,11,07,10                           2018-02-22 16:20
2018022243                         05,10,04,09,11                           2018-02-22 16:10
2018022242                         11,02,07,05,03                           2018-02-22 16:00
2018022241                         02,06,07,01,09                           2018-02-22 15:50
2018022240                         01,07,06,10,04                           2018-02-22 15:40
2018022239                         05,10,07,09,03                           2018-02-22 15:30
2018022238                         06,02,05,11,07                           2018-02-22 15:20
2018022237                         02,09,11,01,05                           2018-02-22 15:10
2018022236                         04,02,07,01,10                           2018-02-22 15:00
2018022235                         03,07,11,05,10                           2018-02-22 14:50
2018022234                         09,07,03,10,08                           2018-02-22 14:40
2018022233                         08,09,06,10,05                           2018-02-22 14:30
2018022232                         07,04,05,03,10                           2018-02-22 14:20
2018022231                         04,10,09,01,03                           2018-02-22 14:10
2018022230                         10,04,11,05,09                           2018-02-22 14:00
2018022229                         07,03,08,06,09                           2018-02-22 13:50
2018022228                         07,11,01,05,09                           2018-02-22 13:40
2018022227                         01,06,03,10,02                           2018-02-22 13:30
2018022226                         09,10,02,01,11                           2018-02-22 13:20
2018022225                         06,04,10,08,07                           2018-02-22 13:10
2018022224                         04,06,11,07,01                           2018-02-22 13:00
2018022223                         05,04,06,08,01                           2018-02-22 12:50
2018022222                         11,10,09,02,06                           2018-02-22 12:40
2018022221                         08,02,01,05,04                           2018-02-22 12:30
2018022220                         01,10,11,09,02                           2018-02-22 12:20
2018022219                         08,09,03,07,10                           2018-02-22 12:10
2018022218                         02,11,09,08,10                           2018-02-22 12:00
2018022217                         03,08,09,06,11                           2018-02-22 11:50
2018022216                         07,01,02,03,04                           2018-02-22 11:40
2018022215                         03,05,01,07,09                           2018-02-22 11:30
2018022214                         04,06,05,02,03                           2018-02-22 11:20
2018022213                         04,11,03,06,07                           2018-02-22 11:10
2018022212                         05,07,04,02,08                           2018-02-22 11:00
2018022211                         02,06,08,05,01                           2018-02-22 10:50
2018022210                         10,09,03,06,01                           2018-02-22 10:40
2018022209                         06,08,11,01,02                           2018-02-22 10:30
2018022208                         04,09,02,11,03                           2018-02-22 10:20
2018022207                         05,07,11,04,03                           2018-02-22 10:10
2018022206                         07,08,03,01,11                           2018-02-22 10:00
2018022205                         10,02,05,03,04                           2018-02-22 09:50
2018022204                         02,05,01,11,06                           2018-02-22 09:40
2018022203                         05,04,06,09,02                           2018-02-22 09:30
2018022202                         03,08,07,09,11                           2018-02-22 09:20
2018022201                         05,03,01,10,09                           2018-02-22 09:10
2018022184                         09,02,06,03,05                           2018-02-21 23:00
